0 0.341916 0.199831 0.057673 0.130306
0 0.533986 0.254900 0.058702 0.131857
0 0.856334 0.209138 0.066941 0.136511
0 0.065911 0.477507 0.080330 0.102383
0 0.078270 0.562051 0.074150 0.125652
0 0.078785 0.733465 0.077240 0.139614
0 0.097837 0.892469 0.109166 0.153575
0 0.154995 0.630306 0.075180 0.147370
0 0.181256 0.554294 0.061792 0.107037
0 0.253862 0.487590 0.085479 0.138062
0 0.222966 0.763715 0.081359 0.169088
0 0.260556 0.644267 0.072091 0.103935
0 0.331617 0.671415 0.070031 0.148921
0 0.358908 0.633409 0.058702 0.107037
0 0.338826 0.894021 0.100927 0.181498
0 0.420185 0.893245 0.078270 0.176844
0 0.436663 0.629530 0.078270 0.127204
0 0.439238 0.544211 0.073120 0.099281
0 0.527291 0.601608 0.074150 0.139614
0 0.582389 0.503878 0.073120 0.139614
0 0.591143 0.764490 0.082389 0.155126
0 0.643666 0.655902 0.080330 0.161331
0 0.704943 0.616345 0.077240 0.156678
0 0.800721 0.542660 0.075180 0.136511
0 0.954171 0.621774 0.083419 0.136511
0 0.946447 0.763715 0.092688 0.144267
0 0.848095 0.842829 0.087539 0.165985
1 0.246653 0.951417 0.089598 0.091525