0 0.056643 0.563452 0.043254 0.075833
0 0.116375 0.520893 0.043254 0.077381
0 0.253862 0.546428 0.038105 0.066547
0 0.286818 0.616845 0.040165 0.065000
0 0.343975 0.382381 0.026777 0.060357
0 0.375386 0.544107 0.044284 0.061905
0 0.390319 0.349108 0.030896 0.052619
0 0.383625 0.405596 0.033986 0.057262
0 0.544284 0.301132 0.029866 0.055714
0 0.560762 0.426488 0.046344 0.071190
0 0.630278 0.557262 0.045314 0.069643
0 0.701339 0.507738 0.039135 0.075833
0 0.739444 0.429584 0.037075 0.074285
0 0.749743 0.600595 0.049434 0.072738
1 0.101957 0.619166 0.043254 0.066547