0 0.161689 0.193695 0.072091 0.121653
0 0.204428 0.229177 0.019567 0.053585
0 0.233265 0.229177 0.025747 0.056482
0 0.272915 0.232074 0.014418 0.024620
0 0.284758 0.223384 0.017508 0.039103
0 0.309990 0.213971 0.020597 0.043447
0 0.330072 0.229902 0.017508 0.040551
0 0.351184 0.217591 0.018538 0.033310
0 0.370752 0.228453 0.028836 0.034758
0 0.395984 0.213247 0.023687 0.044896
0 0.417611 0.207454 0.027806 0.033310
0 0.457261 0.228453 0.018538 0.034758
0 0.472709 0.209626 0.014418 0.031861
0 0.488157 0.220488 0.020597 0.033310
0 0.505664 0.215419 0.020597 0.020275
0 0.533471 0.213971 0.020597 0.040551
0 0.596292 0.211798 0.026777 0.053585
0 0.638002 0.219764 0.023687 0.043447
0 0.676622 0.190075 0.022657 0.059378
0 0.696704 0.203833 0.013388 0.037654
0 0.730175 0.197316 0.026777 0.050689
0 0.755922 0.198764 0.022657 0.036206
0 0.778579 0.203833 0.035015 0.055033
0 0.795057 0.176316 0.028836 0.034758
0 0.832647 0.190799 0.038105 0.063723
0 0.886715 0.174144 0.055613 0.099929
0 0.923790 0.163282 0.030896 0.055033
0 0.976313 0.142282 0.035015 0.114412
0 0.952626 0.177040 0.026777 0.085447