0 0.033986 0.236522 0.032956 0.073398
0 0.081874 0.252518 0.046344 0.135503
0 0.115345 0.273220 0.032956 0.082808
0 0.186406 0.256282 0.059732 0.127975
0 0.231720 0.252518 0.045314 0.097863
0 0.256952 0.283571 0.029866 0.043286
0 0.337796 0.270397 0.041195 0.122329
0 0.368692 0.237463 0.026777 0.075280
0 0.426365 0.228053 0.041195 0.154323
0 0.462410 0.259105 0.026777 0.084689
0 0.516993 0.289217 0.028836 0.069634
0 0.520597 0.243109 0.023687 0.052696
0 0.587024 0.262869 0.049434 0.137385
0 0.645211 0.248754 0.044284 0.124211
0 0.562307 0.300509 0.022657 0.065870
0 0.701339 0.238404 0.018538 0.065870
0 0.727085 0.219584 0.039135 0.118565
0 0.825953 0.241227 0.080330 0.165615
0 0.909887 0.229935 0.052523 0.131739