0 0.375386 0.083248 0.040165 0.065911
1 0.028836 0.337968 0.057672 0.122211
1 0.201339 0.559046 0.174047 0.292482
1 0.243048 0.370923 0.094748 0.144181
1 0.227600 0.261758 0.047374 0.082389
1 0.296601 0.319430 0.065911 0.120838
1 0.333162 0.238414 0.044284 0.074150
1 0.388260 0.295400 0.047374 0.116718
1 0.435118 0.221250 0.042225 0.070031
1 0.507724 0.220563 0.043254 0.076897
1 0.571576 0.261071 0.047374 0.092001
1 0.608136 0.311878 0.062822 0.122211
1 0.778064 0.375729 0.089598 0.140062
1 0.639032 0.593375 0.149331 0.215585
1 0.979403 0.457432 0.041194 0.168898