0 0.102987 0.418984 0.049434 0.081016
0 0.285273 0.397013 0.030896 0.056299
0 0.473738 0.427223 0.022657 0.064538
0 0.654995 0.444387 0.041195 0.063165
0 0.707003 0.416238 0.031926 0.056299
0 0.763131 0.437521 0.028836 0.041195
0 0.908342 0.449193 0.022657 0.042568
0 0.945417 0.434775 0.028836 0.043941
1 0.251802 0.421044 0.031926 0.065911
1 0.342945 0.414864 0.022657 0.048060
1 0.438723 0.403879 0.065911 0.105733
1 0.594748 0.423103 0.033986 0.053553
1 0.871267 0.432715 0.037075 0.059046
1 0.926880 0.441641 0.022657 0.057673