0 0.410402 0.465671 0.027806 0.048060
0 0.456746 0.478030 0.025747 0.039821
0 0.533986 0.489701 0.029866 0.049434
0 0.544284 0.447134 0.021627 0.046687
0 0.644181 0.478030 0.036045 0.042568
0 0.698249 0.471850 0.020597 0.046687
0 0.718847 0.468417 0.016478 0.045314
0 0.747168 0.478716 0.021627 0.054926
0 0.773429 0.471850 0.014418 0.046687
0 0.797116 0.464985 0.012358 0.049434
0 0.782698 0.464985 0.010299 0.060419
0 0.819258 0.468417 0.013388 0.039821
0 0.869207 0.487642 0.032956 0.042568
0 0.866117 0.457432 0.022657 0.023344
0 0.915036 0.467731 0.017508 0.043941
0 0.936663 0.480776 0.017508 0.042568
0 0.592688 0.484209 0.021627 0.032956
0 0.494336 0.482836 0.020597 0.030209
0 0.384655 0.478716 0.019567 0.030209
0 0.193615 0.484895 0.024717 0.026090
0 0.160659 0.480776 0.016478 0.034329
0 0.142636 0.473910 0.013388 0.037075
0 0.121009 0.473223 0.015448 0.043941
1 0.097322 0.480089 0.011329 0.030209
1 0.959320 0.482836 0.033986 0.043941