0 0.832132 0.452626 0.024717 0.049434
0 0.638002 0.359938 0.056643 0.097494
0 0.573635 0.444387 0.032956 0.052180
0 0.500000 0.456746 0.019567 0.043941
0 0.480433 0.453999 0.031926 0.038448
0 0.456231 0.461552 0.020597 0.056299
0 0.439753 0.459492 0.026777 0.054926
0 0.383110 0.451940 0.028836 0.061792
0 0.350669 0.459492 0.027806 0.054926
0 0.323893 0.472537 0.031926 0.059046
0 0.287333 0.449193 0.035015 0.053553
0 0.236354 0.446447 0.029866 0.061792
0 0.204428 0.441641 0.048404 0.065911
0 0.147786 0.458119 0.042225 0.074150
0 0.108136 0.475283 0.043254 0.042568
0 0.097837 0.445760 0.039135 0.038448
0 0.016993 0.458805 0.019567 0.050807
0 0.007724 0.462238 0.015448 0.109852