0 0.047889 0.546001 0.025747 0.035702
0 0.136457 0.556299 0.029866 0.034329
0 0.164779 0.565225 0.020597 0.035702
0 0.211637 0.561792 0.027806 0.026090
0 0.252832 0.576897 0.021627 0.042568
0 0.298146 0.551493 0.017508 0.024717
0 0.316169 0.563852 0.022657 0.032956
0 0.370237 0.564538 0.023687 0.026090
0 0.470134 0.587882 0.027806 0.034329
0 0.508239 0.578270 0.023687 0.037075
0 0.553553 0.565911 0.015448 0.026090
0 0.587539 0.578956 0.013388 0.032956
0 0.622039 0.578270 0.024717 0.020597
0 0.651390 0.589255 0.021627 0.023344
0 0.926880 0.616032 0.030896 0.032956
0 0.940268 0.644868 0.039135 0.041195