0 0.119464 0.574869 0.028836 0.049398
0 0.148301 0.604971 0.032956 0.044767
0 0.187951 0.589534 0.021627 0.054029
0 0.237899 0.581044 0.022657 0.046311
0 0.268795 0.587219 0.022657 0.049398
0 0.348610 0.597253 0.019567 0.032418
0 0.371782 0.584131 0.012358 0.046311
0 0.399073 0.587219 0.013388 0.030874
0 0.426365 0.587991 0.020597 0.044767
0 0.538620 0.569466 0.022657 0.047855
0 0.544284 0.503859 0.015448 0.030874
0 0.659114 0.594937 0.037075 0.052486
0 0.708548 0.602656 0.030896 0.052486
0 0.823378 0.585675 0.027806 0.046311
0 0.893409 0.593394 0.011329 0.037049
0 0.942842 0.593394 0.011329 0.037049
0 0.968589 0.594165 0.011329 0.044767
0 0.992276 0.591078 0.015448 0.035505