0 0.062822 0.220563 0.107106 0.170271
0 0.229660 0.259698 0.117405 0.163405
0 0.680227 0.075695 0.052523 0.127703
0 0.353759 0.210951 0.071061 0.096121
0 0.643666 0.263131 0.090628 0.123584
0 0.816684 0.114143 0.076210 0.141435
0 0.924820 0.134054 0.142122 0.205973
0 0.962925 0.051665 0.074150 0.101613
1 0.370752 0.057158 0.076210 0.096121
1 0.516478 0.226742 0.064882 0.108479
1 0.717302 0.226742 0.060762 0.081016
1 0.759011 0.085307 0.022657 0.023344
1 0.128218 0.109337 0.017508 0.013732
1 0.158599 0.117576 0.018538 0.035702
1 0.060762 0.088740 0.026777 0.038448
1 0.153965 0.241160 0.019567 0.046687