0 0.143666 0.415551 0.060762 0.093375
0 0.304325 0.483522 0.046344 0.070031
0 0.424820 0.508926 0.029866 0.060419
0 0.501030 0.496567 0.046344 0.074150
0 0.332647 0.081188 0.018538 0.045314
0 0.434089 0.070889 0.027806 0.046687
0 0.473223 0.064023 0.021627 0.043941
0 0.502575 0.072949 0.016478 0.048060
0 0.654480 0.067456 0.025747 0.053553
1 0.283213 0.074322 0.022657 0.050807
1 0.360453 0.059217 0.016478 0.045314
1 0.386200 0.068143 0.018538 0.049434
1 0.532956 0.081874 0.017508 0.046687
1 0.544799 0.058531 0.018538 0.049434
1 0.581874 0.061964 0.022657 0.053553
1 0.737384 0.039993 0.020597 0.050807
1 0.750772 0.085307 0.026777 0.045314
1 0.791967 0.090113 0.026777 0.057673
1 0.814624 0.031068 0.022657 0.057673
1 0.853244 0.033127 0.027806 0.056299
1 0.916066 0.110024 0.019567 0.045314
1 0.942842 0.095606 0.019567 0.090628
1 0.988671 0.085307 0.018538 0.067285