1 0.167353 0.368692 0.062822 0.091143
1 0.253862 0.307673 0.029866 0.052523
1 0.262101 0.404222 0.052523 0.088054
1 0.302781 0.321576 0.030896 0.055613
1 0.371782 0.325438 0.035015 0.035530
1 0.370752 0.407312 0.028836 0.032441
1 0.407827 0.340886 0.020597 0.047889
1 0.425850 0.352472 0.019567 0.037075
1 0.505664 0.408857 0.026777 0.035530
1 0.570031 0.432801 0.040165 0.030896
1 0.801236 0.543254 0.045314 0.050978
1 0.918126 0.371782 0.038105 0.063337
1 0.727085 0.327755 0.020597 0.049434
0 0.664779 0.358651 0.044284 0.080330
0 0.457261 0.343203 0.020597 0.043254
0 0.503090 0.344748 0.025747 0.033986