0 0.274459 0.221598 0.046344 0.114115
0 0.279094 0.372112 0.059732 0.131823
0 0.393924 0.397690 0.064882 0.163303
0 0.386715 0.207825 0.050463 0.121985
0 0.510299 0.178313 0.046344 0.133790
0 0.522142 0.385885 0.063852 0.143628
0 0.622554 0.200939 0.050463 0.116083
0 0.659114 0.372112 0.057673 0.147563
0 0.731720 0.220614 0.054583 0.135758
0 0.767250 0.374080 0.063852 0.135758
0 0.839856 0.232419 0.052523 0.139693
0 0.911432 0.329811 0.067971 0.169205
1 0.084964 0.378015 0.066941 0.116083
1 0.184861 0.389820 0.050463 0.131823