0 0.083934 0.071576 0.056643 0.111226
0 0.249228 0.075009 0.061792 0.112599
0 0.408857 0.054411 0.067971 0.098867
0 0.587024 0.068143 0.065911 0.115345
0 0.719876 0.081874 0.063852 0.134569
0 0.838311 0.055784 0.053553 0.093375
0 0.906282 0.094233 0.057673 0.131823
0 0.929969 0.048919 0.067971 0.087882
0 0.089598 0.322863 0.063852 0.119464
0 0.234809 0.329042 0.065911 0.107106
0 0.393409 0.348953 0.078270 0.157913
0 0.560247 0.342087 0.065911 0.146928
0 0.718847 0.331789 0.070031 0.126330
0 0.873326 0.329042 0.078270 0.112599
0 0.108651 0.594061 0.062822 0.109852
0 0.224511 0.585822 0.072091 0.115345
0 0.433574 0.576897 0.051493 0.108479
0 0.539135 0.588568 0.069001 0.131823
0 0.730175 0.582389 0.063852 0.113972
0 0.871782 0.576897 0.062822 0.108479
0 0.944387 0.872812 0.041195 0.074150
0 0.849125 0.828184 0.050463 0.067285
0 0.740474 0.834363 0.067971 0.112599
0 0.655510 0.871438 0.046344 0.074150
0 0.583419 0.809646 0.071061 0.076897
0 0.538105 0.883110 0.062822 0.105733
0 0.403708 0.824751 0.057673 0.129077
0 0.214727 0.843289 0.056643 0.105733
0 0.252832 0.822005 0.046344 0.104360
0 0.080844 0.826811 0.050463 0.089255
0 0.120494 0.823378 0.039135 0.085136