0 0.589083 0.314624 0.053553 0.073235
0 0.658084 0.299367 0.067971 0.097647
1 0.035015 0.209349 0.041195 0.076286
1 0.075180 0.200195 0.041195 0.094595
1 0.139547 0.187226 0.042225 0.053400
1 0.168898 0.178834 0.055613 0.076286
1 0.238414 0.205535 0.042225 0.059503
1 0.319258 0.210875 0.028836 0.067132
1 0.384655 0.204009 0.029866 0.065606
1 0.410402 0.191803 0.019567 0.074761
1 0.438723 0.200957 0.020597 0.074761
1 0.500000 0.238338 0.038105 0.070183
1 0.475798 0.201720 0.037075 0.067132
1 0.513388 0.194092 0.015448 0.033566
1 0.544799 0.209349 0.014418 0.051875
1 0.558702 0.182649 0.023687 0.065606
1 0.577240 0.225369 0.019567 0.056452
1 0.618950 0.236812 0.026777 0.045772
1 0.654480 0.214689 0.044284 0.062555
1 0.695160 0.171206 0.014418 0.042720
1 0.708548 0.210112 0.024717 0.035092
1 0.747168 0.214689 0.009269 0.062555
1 0.752317 0.197906 0.021627 0.090018