0 0.046344 0.602016 0.026777 0.044825
0 0.082389 0.598925 0.016478 0.026277
0 0.110196 0.593515 0.016478 0.040188
0 0.137487 0.598152 0.015448 0.021640
0 0.167353 0.596606 0.017508 0.037097
0 0.384655 0.591969 0.025747 0.046371
0 0.472194 0.614382 0.025747 0.041734
0 0.799176 0.591969 0.030896 0.046371
1 0.914006 0.575739 0.027806 0.038642
1 0.938723 0.583468 0.023687 0.035551
1 0.956231 0.495363 0.017508 0.044825
1 0.881565 0.436626 0.022657 0.041734
1 0.249743 0.591969 0.027806 0.034005
1 0.007209 0.624429 0.014418 0.040188