0 0.175592 0.217130 0.029866 0.048060
0 0.735324 0.107964 0.107106 0.170271
0 0.772400 0.519224 0.160659 0.179883
0 0.616890 0.232921 0.084449 0.101613
0 0.658084 0.165637 0.051493 0.076897
0 0.625644 0.156711 0.031926 0.031583
0 0.544284 0.237727 0.050463 0.045314
0 0.437693 0.216444 0.026777 0.030209
0 0.444902 0.278922 0.016478 0.023344
0 0.404222 0.225369 0.021627 0.028836
0 0.350154 0.213697 0.022657 0.024717
0 0.273944 0.168383 0.020597 0.035702
0 0.223481 0.158084 0.022657 0.031583
0 0.173018 0.151905 0.016478 0.027463
1 0.118950 0.160144 0.019567 0.038448
1 0.154480 0.140233 0.018538 0.026090