0 0.088568 0.764999 0.053553 0.083440
0 0.132853 0.769635 0.014418 0.030904
0 0.153450 0.764227 0.022657 0.047901
0 0.198764 0.745684 0.039135 0.091166
0 0.254377 0.779679 0.018538 0.026268
0 0.260041 0.754183 0.017508 0.024723
0 0.289907 0.767317 0.021627 0.035539
0 0.317714 0.739504 0.025747 0.038630
0 0.352214 0.751865 0.043254 0.094256
0 0.382595 0.745684 0.015448 0.041720
0 0.406282 0.745684 0.017508 0.038630
0 0.430999 0.751865 0.021627 0.029359
0 0.464985 0.726370 0.031926 0.074169
0 0.510814 0.751865 0.051493 0.115889
0 0.838826 0.752638 0.081359 0.145247